85946375350
70934983615
52654860469
32080601300
48618215686
86058685460
30638252806
28860737095
62053769114
17162595090
81665196742
12711028380
07819401923
27686035620
51461498600
93304658386
98775810352
47537051968
85021884883
47279335438
28285027082
15264981116
54278137800
50671626191
16413938153
09466489488
67413569400
67077901378
02912092116
63962137025
34848872812
66263200766
66610072906
49698818391
84157511174
26338086540
03062933232
89887885673
95959791714
14693228460
61102720437
38119029038
53828533477
29594315962
59951457703
68751995727
75630003305
88236625087
43812260972
14437547497
93224688408
63835751638
15705161115
16117647263
21465919350
83150622476
06054259067
20776697480
79806681703
34446175696
83686285983
58313742976
32129627803
74693579637
85677553875
37715947407
62687090638
44940026230
37969134408
49221585611
08196159439
64259851357
47421643508
03884198904
92800017872
51429047704
10028070003
55383156658
75316757149
11642326143
45431223992
92454667363
23989548700
06663099140
09263658510
45385204200
81950139530
56963421404
17462470535
91593496893
95549760037
73994803381
52560670526
09310901560
99571367125
94570559344
35500942727
31396411682
14653255571
15857806771
15905018103
25153809307
28598241890
82433621003
92628799545
86097145357
68534258988
79399315550
49695706630
87975087483
50111811384
70631611053
12102667251
83506310070
04811352866
03265134857
42185810022
21651120013
76478014495
73140773803
35689097403
26394654140
26458298218
43851759850
95219746219
82688146084
56431157516
10351056670
20738650897
62552243762
86731237558
38168742745
11318382890
67446346825
14843899992
57820018011
86790887067
12377272355
80805900365
31013271807
61190598817
59911791742
88477496625
74181076768
73887752937
08801502974
13611663123
63123754049
13034853386
78369734847
36387001439
08531817218
56493809029
36398559819
03527543627
04700999926
10996521208
00244208247
49436040482
98496253848
25880934853
65508521534
75639016043
80363103414
01581296100
39690150308
47127027617
48705038081
39905185267
78559386564
28639590427
03062927003
04370857759
47085816104
72562150376
21289729654
88246602829
12414603615
60844470660
84427853889
46423109915
96133199806
23054652890
51722748125
45995284398
27652732433
82393411364
24555026276
92060113326
66040973820
39333403574
83162570417
91058639374
66983495420
82205997157
69544582959
17316438886
88553068200
75902013836
73299662821
87119759116
97384457440
17544889009
20154129305
46312512800
58822900820
55813642307
91466621460
81415108005
81678506338
05619072428
05240921091
62998858740
72726210872
01452831602
95227338221
87588565950
23547633877
67539489960
39160692766
76817428912
99795064231
91274862140
77351695318
96470623972
96911235413
10559462336
13177471002
22705955640
64581158222
51369376537
75088359560
49339662490
01639590722
26781859404
13331677256
66873482722
73112015517
16239444065
46095553288
27849456262
46601260487
02098734506
27471807601
30103570799
97513595623
83825797520
81327504898
38058027227
56503344716
83467540198
12750235413
31820046621
39129054109
35539043480
79955089997
58250585755
64389003704
59906850922
69808091725
73188907869
92253974536
55958009095
69453949213
31067814167
97323196582
11199915793
86148927721
78021453419
85544306117
44256254714
83549344708
35208524112
10159507103
92593138807
23429203260
17052631199
49545672978
84492960724
18469283383
64226279042
21003191088
41933868643
74959509430
19865169207
28395582897
41562697870
23051992100
36249129766
79740569323
58230734372
35189658910
19663203455
61963133633
53799791060
60593975227
53467305083
78904026946
86920003708
80497160900
40868109991
18377021870
16663748734
00210661240
51778404928
20785423699
70896784746
33379798584
49428725021
82769469762
17926070750
94074932709
22568117435
96383845306
09436429495
77742799626
83344256009
89329099548
64420251794
36556559407
83516304626
74948196304
98369347827
94360345046
75777643370
26425349280
42994015579
53073512756
08128388584
59752577008
74407178302
25139888416
90434369926
13411257423
25831251411
48230061602
82715501528
84500751572
51330138848
87848411338
01348096454
00529542854
08132480007
77490782589
46570369555
73483331506
48460416895
95989207719
76857773475
71018948104
95358063943
88358845510
41146780931
97859202247
89031423653
09152289206
26561870107
73123164764
10331177650
23851513401
14671200228
71264032676
40666916926
03349751156
81709255765
08241265565
96500309804
84441952864
99969186108
55284410726
26204242750
36950554990
15840634590
46715730679
21270491520
77626551400
49421015819
97872454190
46585027205
40178418641
35929509590
52378402724
41076651356
00693307609
72616938634
41362084808
24620831387
79766030430
60015087638
53725055750
87006790468
49331193092
85137866164
02472984766
25993128259
61303389703
88530014537
60098264621
10834909669
69736227715
21412523346
48123061404
48231171908
56523939120
26033660846
01623321905
47979584058
38787598000
36367974849
80707482496
21212313909
74663112021
00467741492
90173106854
41992777225
84496399300
63975188332
76555343656
60885733258
63598948581
04705606817
33514793280
63769053664
20591268604
46106728631
53197091370
61782424768
48817185680
87276079090
79878374661
47099422855
34255821860
27770294827
96654922174
00020490402
57296864397
76701165109
04105750038
67413877902
14074844788
57364133534
13547765420
49403694122
49469240278
47668276270
00031424180
38887471207
82668648963
37804168756
17677619614
18925772914
83529182303
55018356308
02052268090
25985956377
67305014648
62954010401
07475473007
18174324194
43993242360
98875945551
97626817893
42346317870
55906726004
50210926007
63698376288
07681951288
04180557932
95721690763
40410486647
49175903881
18405264914
57114539550
42869705158
02216812722
94931337961
64762592536
72335625390
41694469174
52894340460
44267201412
11614680132
36766934778
76060520189
31308990650
84688839723
16447967083
63396322622
31837413509
02813131059
96460433720
11756830606
81047930552
48526252470
12021548082
92828948510
61889214140
90832010154
11448787130
22558913360
57298383876
77398152922
98384642109
15501459914
65213841392
16478609626
51680195360
46817670268
49820313554
91170420974
54255028001
60949894494
44003721624
76006356074
69822454031
08935651133
22978251611
16048684576
86356524871
91977238785
52532990252
18251937116
38644703234
47199333510
29140580121
60761106278
55084409848
66929606650
15434351819
06218281302
00148243290
66203862100
20897434099
25263666403
87292275184
99035642953
22380641765
03783422159
00402246780
52535555018
46623143645
62140726014
31257338471
01207513300
51455046914
14655739177
27237350013
89882476201
33074193310
05757284188
33164982062
36380610006
11894921305
47664113075
62712084101
56885146471
34256468692
79286239432
22563440530
27672005456
66185445131
24171246024
39948759940
12094791505
11238983910
51254843426
44851322771
94131680599
36019172112
45947079046
28118523870
96174492184
62243151839
61946676802
30914090747
06265284371
75643413787
53342773669
63065843234
12674459557
70266441149
76009363802
64813859119
12494146364
94410690272
36090136131
44613768187
10907579132
31528231007
77635888374
09250002807
36586662699
03800954591
24563203289
94230334079
83256627277
35170109288
09428323101
77151102135
12964959498
93371210936
76826589753
27901222298
59169775575
59037642667
88511010432
22526918596
30152928464
60311262732
64194206363
22923782569
20399443460
45794332115
21786175657
39177882334
68775997649
34864965498
65390839048
90348651341
27506359340
36938493073
98174843515
35910548875
58587007726
40700643117
86816668944
70603774334
15521777938
23760514952
62602171450
28444687057
80685611450
33410829059
04026626105
81845075005
46978531480
30442134010
28018660832
22402167270
32202981330
98558357510
48537447110
66755658502
50480321957
98532767478
63175196926
94338711035
41410505715
10186070055
31910625990
71170520235
32717853928
84655348020
37236871133
29490768669
43405587611
03339616418
55462610211
99064158860
35958901168
02771059436
86658213410
78025890961
99093882783
06678499808
25761904055
28368802954
73073162852
02148427547
43910920349
78994822674
41518330568
76439212370
27927433105
80524921490
20804628149
25872078781
16987456801
63488663949
42845875525
42998531806
23365910301
71904271120
92402308150
98895468848
59123279575
37243864007
96419027330
97575243526
49601440330
78028045901
88586455962
09785849104
95390190955
61577295706
65408319512
77318862715
19308814019
85231616869
78505948190
12958054055
88903410173
47231901042
99937332966
94812266203
56154247290
02069640990
43196394301
86270637538
47479048670
34328597329
03801543072
17924430644
73035012075
76740865183
81749790777
81421162512
16496270090
21944585818
49466073826
82998214363
89586645339
06751645597
68244889683
32605896005
40820091162
66961759890
60088702634
51521925003
21084953129
19910666510
35913035186
15977246889
05699336842
95494050874
04699667180
44861527783
69447917658
68570830297
98163997176
94335149808
24848166349
73617243452
29089031723
88297521184
23653622654
13590675829
45053805997
34987503131
80855602759
05512046136
75467015460
36368496975
53111298914
65165597679
54763241273
42766686037
81096426242
21657051854
70194592502
76472250308
47222735534
02194108360
65982148741
41067573119
40685354008
18089334601
64400417204
57272605154
13673379178
09422982090
38726568721
33902522909
86714436718
09521019123
10653531036
52933591421
34423557703
63385994667
37576929340
23512945562
63432185804
16288282006
88728210700
34807740164
40686721489
04820367617
09034663256
59318251424
21006868879
82223570500
68831996835
39569232358
87960490902
54878636289
55579539142
86492565622
22529101191
52556934050
32298094241
01354024923
65013895693
51688622500
08812178405
51589534492
87122472949
50144078970
04075107612
15839832103
63614187233
61410942104
48473583680
50100785115
67149580564
18920898669
27180894907
57576484900
51780874537
46086177538
80378385950
62358229520
97230137543
10146275080
48147585373
19501165060
39497420269
63946811132
33222728500
59237377363
39808528732
22090669489
95224423643
46262997504
56612870460
63947315872
76033475054
83552773509
14222381306
57369462706
57561511337
84609630478
49023904508
61510181091
91521765413
90660923009
52329578482
34290297404
33290311902
98014297636
19864401092
99772944618
91319110215
47789196880
01820043177
13935567103
31807301028
70326297928
91973407744
82049782276
25016945543
80521859980
10270150340
52993100130
20084335440
09210996305
76988793720
15667918200
10926054368
45066333002
53995699901
13871885851
48773054755
29271445759
95157497784
31073443892
23206591880
50949459470
34481023260
73295231273
57956379474
94697574753
88568528023
92042534951
43503138692
66169501073
54927874893
58046666068
28820347334
10351867210
33093106630
20475311957
98495291487
64089590086
04609527812
65151036548
02383167347
14509197071
79366390552
93997202176
33679405421
01805987160
42290872253
17058184801
55579432348
77071407614
04652858647
96811397632
14005512348
75870129079
41372058338
17029269152
01769622047
31739905105
27100244625
72239606983
28959701734
66323194759
19825966602
62455523977
49230440043
10803006942
25021727486
67481090947
68029146116
48337289236
94459448289
38565103544
16915869867
35549067510
46182395818
49218703145
47939378457
25206714089
92593524014
33302343698
70821438425
03628175887
68723650303
63213911402
58878542008
84092745311
27163472633
71179276400
91598391550
41150262001
27319962691
47171120325
21691354643
47838143179
28253891458
24142408143
10764217844
39070626128
40901475572
09047501675
93104303460
35407017024
25898936122
26078467816
74019804362
77392590120
49621628610
14511541868
63875688031
96023310621
69949304830
46434555865
82357236620
75286406467
35633775376
48930145108
59902006841
43146439867
97016583457
69895934823
99202274207
94998859439
78639131520
27373003630
39374365294
98578272927
13143396059
34253233007
85044638854
71968635009
48239240534
38289558198
33014835501
67946954301
20550417974
18068704442
52914633335
22531896694
78219169273
73766251198
45188219123
20915211246
59461293330
87667472874
88026022041